{'A1': -23089, 
 'A2': 2577604574, 
 'A3': 0.21256057918071747, 
 'A4': {'B1': -0.7561528289128663, 
	  'B2': {'C1': -0.4119845027142388, 
		   'C2': 'dhehb', 
		   'C3': 133}, 
	  'B3': 6576, 
	  'B4': [{'D1': [-1020991957911561484, 790769348103671186],
		    'D2': [34863, 45433, 18315], 
		    'D3': 5732975790557936838},  
		   {'D1': [1840080680592737240, -4189564111465237344], 
		    'D2': [56600, 12928, 34479, 20707], 
		    'D3': -5306928364834397},
		   {'D1': [-4318165568255639066, -7565669749540275560], 
		    'D2': [7999, 58525, 65491, 43516], 
		    'D3': -4402385955370184644}], 
	  'B5': 236}, 
 'A5': 15094466693483716476, 
 'A6': 3852068261}